ROC AUC: 1.00
Accuracy:0.9979889502762428, Recall: 0.9979889502762428, Precision: 0.9981024536783278, F1-Score: 0.9980398743282614
Macro_Recall: 0.9816496282006114, Macro_Precision: 0.9810535709478325, Macro_F1-Score: 0.9813448687174534