ROC AUC: 1.00
Accuracy:0.9972486187845304, Recall: 0.9972486187845304, Precision: 0.9974158953665575, F1-Score: 0.9973257800458671
Macro_Recall: 0.971385616041384, Macro_Precision: 0.9714633835979479, Macro_F1-Score: 0.9714171519001884